0.0017000000000000348
0.0013809999999999656
0.0013689999999999536
0.0024319999999999897
0.0017139999999999933
0.0023570000000000535
0.001711000000000018
0.0020019999999999483
0.0018420000000000103
0.0021020000000000483
0.001487000000000016
0.0017650000000000166
0.0017369999999999886
0.0026599999999999957
0.0012609999999999566
0.0018320000000000558
0.0013599999999999168
0.0014009999999999856
0.0016240000000000698
0.0017080000000000428
0.0019970000000000265
0.0012130000000000196
0.0019279999999999298
0.0012530000000000596
0.002505999999999897
0.0013329999999999176
0.0015979999999999883
0.0016579999999999373
0.0011670000000000291
0.0017159999999999398
0.0012230000000000851
0.0023619999999999752
0.0013849999999999696
0.0015130000000000976
0.0016000000000000458
0.0015249999999999986
0.0018650000000000055
0.0016059999999999963
0.0014120000000000799
0.0014079999999999648
0.001690999999999998
0.001786999999999983
0.0018500000000000183
0.0013620000000000854
0.0020209999999999395
0.0012710000000000221
0.001956000000000069
0.0015199999999999658
0.002615000000000034
0.001475000000000004
0.0021569999999999645
0.0014619999999999633
0.0017769999999999175
0.001678999999999986
0.0021640000000000548
0.0030529999999999724
0.0019959999999999978
0.0024080000000000767
0.0027040000000000397
0.0013689999999999536
0.00193500000000002
0.0013079999999999758
0.0022480000000000278
0.0016220000000000123
0.0016680000000000028
0.0018080000000000318
0.0018299999999999983
0.0020259999999999723
0.00187499999999996
0.0019770000000000065
0.0013050000000000006
0.002517999999999909
0.0015840000000000298
0.0021740000000000093
0.0012699999999999934
0.002475000000000005
0.001807000000000003
0.0027289999999999814
0.0015099999999999003
0.002226999999999979
0.001334999999999975
0.0023579999999999712
0.0015330000000000066
0.00214700000000001
0.0013659999999999783
0.0015180000000000193
0.0017770000000000286
0.0018799999999999928
0.001406999999999936
0.001415000000000055
0.0021960000000000868
0.0013819999999999943
0.001519000000000048
0.001338999999999979
0.0021160000000000068
0.001222999999999974
0.0020090000000000385
0.0013409999999999256
0.0014049999999999896
0.0017519999999999758
0.0012929999999999886
0.002430999999999961
0.0016500000000000403
0.0014579999999999593
0.0021449999999999525
0.001527000000000056
0.0012329999999999286
0.002143000000000006
0.0012429999999999941
0.001867000000000063
0.0013319999999999999
0.0016859999999999653
0.001898999999999984
0.001859
0.0015030000000000004
0.0016090000000000002
0.0024399999999999995
0.001445
0.0015290000000000008
0.001292999999999999
0.0014490000000000024
0.001686
0.0016450000000000006
0.0020879999999999996
0.0017019999999999987
0.0016170000000000004
0.0016559999999999978
0.0015389999999999987
0.002259000000000004
0.0015379999999999977
0.0014279999999999987
0.0016509999999999997
0.0018560000000000035
0.0020739999999999995
0.001582
0.00279900000000001
0.002046000000000006
0.0014190000000000036
0.0022009999999999946
0.0013009999999999966
0.002576999999999996
0.001350000000000004
0.0018890000000000018
0.0014930000000000082
0.0018589999999999995
0.0014160000000000006
0.001782999999999993
0.0014409999999999978
0.001897999999999997
0.001685000000000006
0.0019570000000000004
0.001339999999999994
0.0018480000000000024
0.0015420000000000017
0.0019619999999999915
0.001580999999999999
0.0015299999999999897
0.0015249999999999986
0.0013050000000000006
0.0019689999999999985
0.00146099999999999
0.0024310000000000165
0.0012659999999999894
0.0019809999999999828
0.0013150000000000106
0.0014329999999999898
0.0020989999999999898
0.0013269999999999949
0.0017279999999999796
0.001353999999999994
0.0017309999999999826
0.0012359999999999871
0.0017479999999999996
0.0015010000000000023
0.00157199999999999
0.0016089999999999993
0.0012570000000000081
0.0018789999999999918
0.0012490000000000001
0.0022739999999999982
0.001888999999999974
0.001802999999999999
0.0013070000000000026
0.0014399999999999968
0.0021100000000000008
0.0015400000000000136
0.0016329999999999956
0.0013510000000000189
0.001711000000000018
0.0011929999999999996
0.0020030000000000048
0.001819000000000015
0.0023080000000000045
0.0014250000000000096
0.0015449999999999908
0.0015119999999999856
0.0014029999999999876
0.0017900000000000138
0.0015389999999999848
0.0014939999999999953
0.00136
0.0020949999999999858
0.0013250000000000206
0.0021010000000000195
0.001548999999999967
0.0017710000000000226
0.002350999999999992
0.0020040000000000058
0.001395000000000035
0.0023980000000000112
0.001566999999999985
0.0018479999999999608
0.0012960000000000194
0.0021120000000000028
0.0013239999999999919
0.0017759999999999998
0.0014319999999999888
0.0014390000000000236
0.0020289999999999475
0.0017199999999999993
0.0017269999999999786
0.00236900000000001
0.0020920000000000383
0.0020280000000000298
0.0015380000000000393
0.0023759999999999892
0.001745000000000052
0.0033320000000000016
0.0025179999999999647
0.0019299999999999873
0.0021809999999999885
0.0014129999999999976
0.003228999999999982
0.002511000000000041
0.0016760000000000108
0.0026940000000000297
0.0019710000000000005
0.0026830000000000465
0.001603000000000021
0.0015290000000000026
0.0013319999999999999
0.0016229999999999856
0.0014319999999999888
0.001697000000000004
0.0014839999999999853
0.002711999999999992
0.0014430000000000276
0.002460999999999991
0.0011610000000000231
0.0021359999999999713
0.001040000000000041
0.0023980000000000112
0.0017049999999999566
0.001947000000000032
0.0011360000000000259
0.0018400000000000083
0.0013360000000000039
0.0020819999999999728
0.0021380000000000288
0.0018400000000000083
0.0013789999999999636
0.0013019999999999698
0.0014639999999999653
0.0015660000000000118
0.0020549999999999735
0.0013120000000000354
0.001782999999999979
0.0011720000000000064
0.0019569999999999865
0.001623000000000041
0.0015180000000000193
0.0012770000000000281
0.0017169999999999686
0.0017459999999999698
0.0017099999999999893
0.0012639999999999874
0.0023500000000000187
0.0014520000000000088
0.0019440000000000013
0.0015040000000000053
0.0018000000000000238
0.0013719999999999843
0.0014250000000000096
0.00259100000000001
0.0023809999999999665
0.0011819999999999609
0.0015249999999999986
0.0013500000000000179
0.0010949999999999571
0.001663000000000081
0.0020459999999999923
0.0017099999999999893
0.0019209999999999505
0.0018850000000000255
0.0016359999999999708
0.001731000000000038
0.0017080000000000428
0.0017530000000000046
0.0011390000000000011
0.001631000000000049
0.001442999999999972
0.0018329999999999735
0.0018400000000000638
0.001318999999999959
0.001435000000000075
0.0023739999999999872
0.001418999999999948
0.0012849999999999806
0.001526999999999945
0.0015119999999999578
0.0014849999999999586
0.0016420000000000323
0.0015930000000000666
0.0015089999999999826
0.0017280000000000628
0.0017899999999999583
0.0011750000000000371
0.0017369999999999886
0.0016340000000000243
0.0018780000000000463
0.001274999999999915
0.0022360000000000158
0.0014080000000000759
0.0026240000000000707
0.0017859999999999543
0.0015690000000000426
0.0012900000000000134
0.0019740000000000313
0.0017439999999999678
0.0017090000000000716
0.0014770000000000616
0.001710999999999907
0.001403000000000043
0.0010820000000000274
0.0015340000000000353
0.0013640000000000319
0.0016760000000000108
0.001334999999999975
0.0013059999999999183
0.001383000000000023
0.0011830000000000451
0.0023719999999999297
0.0013940000000000063
0.0022039999999999837
0.0013060000000000294
0.00197500000000006
0.0014089999999999936
0.0017260000000000053
0.0012950000000000461
0.0019939999999999403
0.00145099999999998
0.0022849999999999815
0.001419000000000059
0.001778999999999975
0.0017530000000000046
0.00168299999999999
0.001443000000000083
0.001306999999999947
0.0020400000000000418
0.001619000000000037
0.0023959999999999537
0.0014719999999999178
0.0016820000000000723
0.0013130000000000086
0.00212699999999999
0.0016499999999999293
0.0017899999999999583
0.0014180000000000303
0.0018340000000000023
0.0023999999999999577
0.0014359999999999928
0.0014820000000000944
0.001695000000000002
0.0016890000000000516
0.002035000000000009
0.0012159999999999949
0.001998999999999973
0.0012990000000000501
0.0015579999999999483
0.0017759999999999998
0.001499000000000028
0.001650999999999958
0.0012410000000000476
0.001934999999999909
0.0011399999999999189
0.0015919999999999268
0.0013279999999999959
0.0012750000000000261
0.001562999999999981
0.0011560000000000459
0.0022400000000000198
0.0014119999999999688
0.0018620000000000303
0.0013440000000000119
0.0013039999999999718
0.0014879999999999338
0.0014119999999999688
0.0017449999999999966
0.0012780000000000014
0.0019879999999999898
0.0013940000000000063
0.0020250000000000545
0.0015410000000000146
0.0012410000000000476
0.0026489999999999014
0.002234999999999987
0.0016770000000000396
0.0018059999999999743
0.001367000000000007
0.0021300000000000763
0.0012860000000000094
0.001479000000000008
0.0014650000000000496
0.001659000000000077
0.0019000000000000128
0.0019089999999999385
0.0022539999999999782
0.001543000000000072
0.002791000000000099
0.0017840000000000078
0.0015039999999999498
0.0016880000000000228
0.0012640000000000429
0.0014290000000000136
0.001591000000000009
0.0013999999999999568
0.001391000000000031
0.0013529999999999376
0.0011039999999999939
0.0018560000000000798
0.0018479999999999608
0.0015800000000000258
0.001535000000000064
0.0018099999999999783
0.0013650000000000606
0.0015340000000000353
0.0014600000000000168
0.0011390000000000011
0.0014899999999999913
0.0014399999999999968
0.0020600000000000618
0.0014260000000000383
0.0012240000000000029
0.0014850000000000696
0.0016169999999999796
0.0019319999999999338
0.0016659999999999453
0.0015330000000000066
0.0011590000000000211
0.0015519999999999978
0.0011880000000000779
0.0018009999999999415
0.0014319999999999888
0.0011990000000000611
0.001502999999999921
0.0011689999999999756
0.0012079999999999869
0.0014169999999998906
0.001458999999999988
0.0015049999999999786
0.0015060000000000073
0.0014170000000000016
0.001695000000000002
0.0011520000000000419
0.002087000000000061
0.001286999999999927
0.0014850000000000696
0.0013090000000000046
0.0014849999999999586
0.0015779999999999683
0.0011259999999999604
0.001446999999999976
0.0012400000000000189
0.0011560000000000459
0.0015620000000000633
0.001376
0.0014039999999999999
0.00136
0.001131
0.0020669999999999994
0.001200999999999999
0.001550000000000001
0.0013150000000000002
0.0012199999999999989
0.0014769999999999991
0.0012969999999999995
0.0013720000000000017
0.001467999999999997
0.001358999999999999
0.0015379999999999977
0.0012040000000000037
0.0014969999999999983
0.001920999999999999
0.001452000000000002
0.0014170000000000016
0.0012599999999999972
0.0013709999999999972
0.0013020000000000045
0.0012630000000000002
0.0015179999999999985
0.0010669999999999985
0.001677999999999999
0.0013989999999999975
0.002044000000000004
0.0018559999999999965
0.0022320000000000118
0.0013060000000000016
0.0014880000000000032
0.0014460000000000028
0.0012979999999999936
0.0014090000000000075
0.0011710000000000054
0.0017149999999999943
0.001227999999999993
0.0012770000000000004
0.0014749999999999902
0.0012749999999999984
0.001917000000000002
0.0014940000000000092
0.0013740000000000002
0.0013119999999999937
0.0012169999999999959
0.0014939999999999953
0.0011110000000000009
0.001233999999999999
0.0015470000000000067
0.0012189999999999979
0.0019480000000000053
0.0011619999999999964
0.0016540000000000166
0.0016100000000000003
0.0020709999999999895
0.001482000000000011
0.0012479999999999991
0.0022090000000000165
0.0017269999999999786
0.001343999999999984
0.0017310000000000103
0.0015469999999999928
0.0013299999999999979
0.0020299999999999763
0.0015979999999999883
0.001708000000000015
0.0012989999999999946
0.001802999999999999
0.0015189999999999926
0.0020670000000000133
0.002129999999999993
0.001583000000000001
0.001364000000000004
0.0023930000000000062
0.0017339999999999856
0.002602999999999994
0.0020499999999999963
0.0014919999999999933
0.0024269999999999847
0.0016600000000000226
0.001597000000000015
0.0022049999999999847
0.0013869999999999993
0.001583000000000001
0.0018720000000000125
0.0014939999999999953
0.0015159999999999896
0.0019379999999999953
0.002450999999999981
0.0013859999999999983
0.002456999999999987
0.0012789999999999746
0.0021780000000000133
0.0026920000000000277
0.0015470000000000206
0.0012610000000000121
0.0016309999999999936
0.0011939999999999729
0.001656999999999964
0.0024079999999999657
0.00166299999999997
0.0014080000000000203
0.0018970000000000375
0.0014560000000000128
0.0018559999999999688
0.00148100000000001
0.0017800000000000038
0.0013619999999999743
0.0011760000000000104
0.001574999999999993
0.0013920000000000043
0.0014219999999999788
0.0014799999999999813
0.0014279999999999848
0.0021180000000000088
0.0011550000000000171
0.002722000000000002
0.0019200000000000328
0.002008999999999983
0.0024600000000000177
0.0018870000000000275
0.0024889999999999635
0.0028790000000000204
0.0023900000000000032
0.002544999999999964
0.0024490000000000345
0.0035169999999999924
0.0020769999999999955
0.001786999999999983
0.0020979999999999888
0.0017240000000000033
0.003918000000000033
0.0022260000000000058
0.0013969999999999816
0.0021479999999999833
0.0017240000000000033
0.002405000000000046
0.0014290000000000136
0.001912999999999998
0.0015410000000000146
0.001475000000000004
0.0016599999999999948
0.0012530000000000041
0.0020030000000000325
0.0013079999999999758
0.0019870000000000165
0.0014250000000000096
0.001707000000000014
0.0014419999999999988
0.0017570000000000086
0.0020970000000000155
0.0014109999999999956
0.0015740000000000198
0.0011960000000000304
0.0015479999999999938
0.002251000000000003
0.0019339999999999913
0.0012540000000000329
0.0012619999999999854
0.0019000000000000128
0.0011660000000000004
0.0022380000000000178
0.001448999999999978
0.0020309999999999495
0.0013539999999999663
0.0018349999999999755
0.0012240000000000029
0.0014819999999999833
0.001338999999999979
0.0014719999999999733
0.0014080000000000203
0.0012190000000000256
0.0016979999999999773
0.0012980000000000214
0.0015009999999999746
0.0015600000000000058
0.0011760000000000104
0.0013639999999999763
0.001434999999999964
0.0017220000000000013
0.0016579999999999373
0.0013409999999999256
0.0015169999999999906
0.0013739999999999863
0.0014929999999999666
0.0014490000000000336
0.0012759999999999438
0.0018059999999999743
0.0011430000000000051
0.0014319999999999888
0.0015680000000000138
0.0013120000000000909
0.001762999999999959
0.0011600000000000499
0.0016019999999999923
0.001414999999999944
0.0014450000000000296
0.0016700000000000603
0.0014680000000000248
0.001626999999999934
0.0013030000000000541
0.00145099999999998
0.0014520000000000088
0.0013290000000000246
0.0019780000000000353
0.001342999999999983
0.0015180000000000193
0.001346999999999987
0.0011870000000000491
0.0018979999999999553
0.0015560000000000018
0.0016159999999999508
0.00121899999999997
0.001782999999999979
0.0013440000000000119
0.001475000000000004
0.0013720000000000399
0.0013039999999999718
0.002646000000000037
0.0014939999999999953
0.0020010000000000305
0.0016479999999999828
0.0023889999999999745
0.001591000000000009
0.0021759999999999557
0.0011690000000000866
0.0027249999999999774
0.0014560000000000128
0.0021120000000000028
0.0011860000000000204
0.001731000000000038
0.0017730000000000246
0.0018979999999999553
0.003126999999999991
0.002118999999999982
0.0020780000000000243
0.002663000000000082
0.0019480000000000608
0.0035439999999999916
0.0038489999999999913
0.0017599999999999838
0.002091000000000065
0.001719000000000026
0.002506999999999926
0.002375000000000016
0.0015839999999999188
0.0015609999999999236
0.0013319999999999999
0.0016090000000000826
0.0020569999999999755
0.0018040000000000278
0.0019100000000000783
0.0015200000000000768
0.0020419999999999883
0.0012499999999999734
0.0020719999999999628
0.0012590000000000101
0.001722999999999919
0.0013809999999999656
0.0016359999999999708
0.0014380000000000503
0.0017920000000000158
0.0015009999999999746
0.0015100000000000113
0.0018340000000000023
0.0014020000000000143
0.0019160000000000288
0.001591000000000009
0.0017679999999999918
0.0014929999999999666
0.0016529999999999045
0.0013300000000000534
0.0012940000000000174
0.001807000000000003
0.001615000000000033
0.0015850000000000586
0.0014440000000000008
0.0020329999999999515
0.0013690000000000646
0.0023779999999999912
0.0013579999999999703
0.0016519999999999868
0.001654999999999962
0.001831000000000027
0.002839000000000036
0.002118999999999982
0.001419000000000059
0.001815000000000011
0.0013100000000000334
0.0028559999999999697
0.0024819999999999842
0.0013689999999999536
0.0013609999999999456
0.0020380000000000953
0.0021700000000000053
0.0020010000000000305
0.0018810000000000215
0.0015410000000000146
0.002726000000000006
0.0028770000000000184
0.0023940000000000072
0.001831000000000027
0.0013859999999999983
0.0037599999999999856
0.00187499999999996
0.002583000000000002
0.0018359999999999488
0.0014760000000000328
0.0013960000000000639
0.001766999999999963
0.0018719999999999848
0.0022599999999999287
0.0013579999999999703
0.0018199999999999328
0.0016849999999999365
0.0023290000000000255
0.0012689999999999646
0.0017570000000000086
0.0011479999999999269
0.0021679999999999477
0.0011079999999999979
0.0021050000000000235
0.001338999999999979
0.002096000000000098
0.0012590000000000101
0.001927000000000012
0.001214999999999966
0.0013470000000000981
0.001655000000000073
0.002063000000000037
0.0016059999999999963
0.0023560000000000247
0.0015380000000000393
0.00149100000000002
0.0016249999999999876
0.0013569999999999416
0.0021860000000000213
0.0013180000000000414
0.001879000000000075
0.0011999999999999789
0.0014489999999999226
0.001591000000000009
0.0014609999999999346
0.001438999999999968
0.0012560000000000349
0.001603000000000021
0.0016890000000000516
0.0020839999999999748
0.001387000000000027
0.0014930000000000776
0.0015759999999999108
0.0012100000000000444
0.001599000000000017
0.0011849999999999916
-0.998721
0.001095
0.0012719999999999997
0.0014920000000000003
0.0012759999999999994
0.0013310000000000006
0.0012840000000000004
0.0013469999999999975
0.0017849999999999984
0.0013349999999999994
0.0019290000000000002
0.0011350000000000006
0.0011849999999999986
0.0014510000000000044
0.0013279999999999959
0.0016289999999999985
0.0015319999999999986
0.001454999999999998
0.0012689999999999993
0.0011740000000000014
0.0016039999999999943
0.0016310000000000005
0.0012590000000000032
0.0015019999999999964
0.0012859999999999955
0.0021869999999999945
0.001219999999999992
0.0016240000000000004
0.0014339999999999908
0.0011309999999999931
0.0018510000000000054
0.0013289999999999969
0.0014850000000000002
0.001591000000000009
0.001786999999999997
0.001473000000000002
0.0014990000000000003
0.001582
0.001465999999999995
0.0024060000000000054
0.0014180000000000026
0.002235000000000001
0.0011749999999999955
0.0018379999999999924
0.0015079999999999955
0.0032299999999999968
0.0019229999999999942
0.0019799999999999957
0.0015310000000000046
0.0015169999999999906
0.0012869999999999826
0.0019319999999999893
0.0014210000000000056
0.0019070000000000198
0.0013560000000000239
0.0025470000000000215
0.0013239999999999919
0.002583000000000002
0.0015480000000000216
0.0020729999999999915
0.0015219999999999956
0.0026820000000000177
0.0014839999999999853
0.002464999999999995
0.0013009999999999966
0.0021250000000000158
0.0018920000000000048
0.001897999999999983
0.0012989999999999946
0.00279299999999999
0.0020649999999999835
0.00159200000000001
0.0017770000000000008
0.0022079999999999878
0.001377000000000017
0.0018700000000000105
0.0015700000000000158
0.001921000000000006
0.0016559999999999908
0.001685999999999993
0.0012980000000000214
0.0021779999999999855
0.0017129999999999923
0.0017880000000000118
0.001344999999999985
0.0019620000000000193
0.0014630000000000198
0.0015110000000000123
0.0021290000000000198
0.0014440000000000008
0.0020570000000000033
0.001786999999999983
0.0018449999999999855
0.0016559999999999908
0.0021800000000000153
0.0014250000000000096
0.0017329999999999846
0.0011760000000000104
0.0016680000000000028
0.001735000000000042
0.0016260000000000163
0.0014350000000000196
0.0013029999999999986
0.0024440000000000017
0.0021689999999999765
0.0016049999999999676
0.0012580000000000369
0.0016900000000000248
0.0014419999999999988
0.001705000000000012
0.0013579999999999703
0.001613000000000031
0.0021639999999999993
0.001424999999999954
0.0021019999999999928
0.0014299999999999868
0.0021760000000000113
0.0018579999999999708
0.0020899999999999808
0.0014129999999999976
0.0022050000000000125
0.0014350000000000196
0.0017630000000000146
0.0015849999999999476
0.0021990000000000065
0.0014550000000000396
0.0019060000000000188
0.0015379999999999838
0.0019620000000000193
0.0023859999999999992
0.0023040000000000282
0.002153000000000016
0.0014490000000000336
0.0020809999999999995
0.0065970000000000195
0.0018059999999999743
0.0019990000000000285
0.0025139999999999607
0.0023239999999999927
0.001615000000000033
0.0019910000000000205
0.0014170000000000016
0.0011780000000000124
0.0015029999999999766
0.0018199999999999883
0.001635000000000053
0.0012019999999999809
0.0018479999999999608
0.001358999999999999
0.0012380000000000169
0.0019019999999999593
0.0014029999999999876
0.0021120000000000028
0.0011680000000000024
0.0024069999999999925
0.0014000000000000123
0.001711000000000018
0.0012849999999999806
0.0017000000000000348
0.00144099999999997
0.0015550000000000286
0.0021680000000000033
0.0012449999999999961
0.0017320000000000113
0.0015479999999999938
0.0020640000000000103
0.001831000000000027
0.002556999999999976
0.001695000000000002
0.0023279999999999967
0.001693
0.002564999999999984
0.002236999999999989
0.003675999999999957
0.002141000000000004
0.0031500000000000417
0.0029289999999999594
0.0029289999999999594
0.0018129999999999535
0.004998999999999976
0.0042400000000000215
0.0026080000000000547
0.002794999999999992
0.0023279999999999967
0.001970999999999945
0.003002999999999978
0.002614000000000005
0.002255000000000007
0.003803000000000001
0.0021059999999999413
0.0022729999999999695
0.002526999999999946
0.0015779999999999683
