0.0015939999999999843
0.0012550000000000061
0.0018059999999999743
0.001334999999999975
0.0012579999999999814
0.0011920000000000819
0.0015079999999999538
0.0014259999999999273
0.0013130000000000086
0.0012560000000000349
0.0025540000000000562
0.0014300000000000423
0.002035000000000009
0.0014960000000000528
0.001479000000000008
0.0019000000000000128
0.0018979999999999553
0.0015479999999999938
0.0012569999999999526
0.0021010000000000195
0.0016410000000000036
0.001507000000000036
0.0012870000000000381
0.002051000000000025
0.0015299999999999203
0.0013560000000000239
0.0015319999999999778
0.0012110000000000731
0.001438999999999968
0.0012759999999999438
0.0013969999999999816
0.0021759999999999557
0.0014220000000000343
0.0020999999999999908
0.0013940000000000063
0.001407000000000047
0.0014699999999999713
0.0022129999999999095
0.001306999999999947
0.0015100000000000113
0.0012619999999999854
0.0013130000000000086
0.0016440000000000898
0.001871000000000067
0.0017850000000000366
0.0015779999999999683
0.0021999999999999797
0.002115000000000089
0.002094999999999958
0.0014560000000000128
0.001811000000000007
0.0012480000000000269
0.00210699999999997
0.0016609999999999125
0.0020220000000000793
0.0021440000000000348
0.0015139999999999043
0.0012990000000000501
0.0017920000000000158
0.001483000000000012
0.001479000000000008
0.0013060000000000294
0.0015619999999999523
0.0019450000000000855
0.0014250000000000096
0.002453999999999956
0.001678999999999986
0.001538999999999957
0.0013250000000000206
0.0019379999999999953
0.0014419999999999433
0.0021660000000000013
0.0014079999999999648
0.0017449999999999966
0.0018159999999999288
0.0020159999999999068
0.0016159999999999508
0.0023699999999999832
0.001823000000000019
0.0019040000000000168
0.0012600000000000389
0.001919000000000004
0.0014849999999999586
0.0015840000000000298
0.001558999999999977
0.0016139999999998933
0.0019489999999999785
0.0020620000000000083
0.0014940000000001064
0.0023479999999999057
0.0013800000000000479
0.0018000000000000238
0.0016769999999999285
0.0015680000000000138
0.0019900000000000473
0.0012250000000000316
0.002151000000000014
0.0013730000000000686
0.001919000000000004
0.001442999999999972
0.0016040000000000498
0.0015540000000000553
0.0013900000000000023
0.0017610000000000126
-0.9974219999999999
0.002043
0.001979
0.003777000000000001
0.0024409999999999987
0.002227
0.0024810000000000006
0.0020419999999999987
0.0029580000000000023
0.0018919999999999979
0.0016639999999999988
0.0017689999999999997
0.001447999999999998
0.0023070000000000035
0.002794999999999999
0.002375999999999996
0.0017499999999999946
0.0022199999999999998
0.001795999999999992
0.001563999999999996
0.001348000000000002
0.0021660000000000013
0.001899999999999999
0.0019399999999999973
0.002032000000000006
0.0015560000000000018
0.001704000000000011
0.0020070000000000088
0.0017439999999999956
0.0018460000000000004
0.0019630000000000064
0.0022139999999999938
0.0016540000000000027
0.0026209999999999983
0.001480000000000009
0.0020980000000000026
0.0016140000000000043
0.002012
0.00304500000000002
0.0013749999999999873
0.0021680000000000033
0.0016509999999999858
0.001585000000000003
0.0014859999999999873
0.0011430000000000051
0.0020989999999999898
0.0013139999999999818
0.002135999999999999
0.0013269999999999949
0.0018530000000000213
0.001476000000000005
0.0023450000000000137
0.0023160000000000125
0.0019440000000000013
0.0014280000000000126
0.0024980000000000002
0.0014079999999999926
0.0022800000000000042
0.0015489999999999948
0.0018560000000000243
0.0017469999999999986
0.001905999999999991
0.0013159999999999838
0.0020369999999999833
0.0017860000000000098
0.0012399999999999911
0.0023109999999999797
0.001458999999999988
0.0016680000000000028
0.0014600000000000168
0.0018439999999999845
0.0016059999999999963
0.0017800000000000038
0.0016029999999999933
0.0018660000000000065
0.001576999999999995
0.0012370000000000159
0.0015670000000000128
0.0015529999999999988
0.0017309999999999826
0.001795999999999992
0.0018279999999999963
0.0016870000000000218
0.0015799999999999703
0.0016339999999999688
0.0012090000000000156
0.00259100000000001
0.0012559999999999794
0.0018109999999999515
0.0013370000000000326
0.0024580000000000157
0.0015109999999999846
0.0018409999999999815
0.0021210000000000395
0.0016940000000000288
0.0014679999999999693
0.002155000000000018
0.0012450000000000516
0.0018299999999999983
0.0013059999999999738
0.001908999999999994
0.001815000000000011
0.0014580000000000148
0.0014259999999999828
0.0012759999999999994
0.002041000000000015
0.0011329999999999951
0.0012260000000000049
0.0014410000000000256
0.0012199999999999989
0.001578999999999997
0.0014290000000000136
0.0012159999999999949
0.0018810000000000215
0.0013179999999999858
0.0016759999999999553
0.001680999999999988
0.001711000000000018
0.0014480000000000048
0.0021749999999999825
0.0013099999999999778
0.001776999999999973
0.0020939999999999848
0.0016180000000000083
0.0015929999999999556
0.0012800000000000034
0.0024210000000000065
0.002595999999999987
0.0015350000000000086
0.0018610000000000015
0.0016670000000000296
0.0013900000000000023
0.0017690000000000206
0.0011660000000000004
0.0016870000000000496
0.0016289999999999916
0.0016900000000000248
0.0015089999999999826
0.0013009999999999966
0.0019520000000000093
0.001721000000000028
0.0015900000000000358
0.0014049999999999896
0.0016249999999999876
0.0022980000000000222
0.0017750000000000266
0.0012709999999999666
0.0012620000000000409
0.0013629999999999476
0.0011499999999999844
0.0021059999999999968
0.0011979999999999769
0.0016179999999999528
0.001876999999999962
0.0016300000000000203
0.0012750000000000261
0.0011729999999999796
0.001589000000000007
0.0011990000000000056
0.0014210000000000056
0.0013160000000000394
0.0012969999999999926
0.0015370000000000106
0.0017020000000000368
0.0017579999999999818
0.0012759999999999994
0.002612000000000003
0.0012179999999999969
0.0016039999999999943
0.0014660000000000228
0.0012019999999999809
0.0023599999999999732
0.0012750000000000261
0.0018259999999999943
0.0019180000000000308
0.0015759999999999663
0.001375000000000015
0.0017010000000000636
0.001454999999999984
0.0012980000000000214
0.0018799999999999928
0.0013480000000000159
0.0015780000000000793
0.0012459999999999694
0.0011790000000000411
0.001823000000000019
0.0010539999999999994
0.0016519999999999868
0.001523000000000052
0.0016040000000000498
0.0012529999999999486
0.0011520000000000419
0.0018420000000000103
0.0014729999999999466
0.001902999999999988
0.0013490000000000446
0.0018369999999999775
0.0012739999999999974
0.0012849999999999806
0.0016880000000000228
0.0013159999999999838
0.0020560000000000578
0.0013570000000000526
0.0011160000000000059
0.001454999999999984
0.0012249999999999206
0.0017449999999999966
0.0015319999999999778
0.0015539999999999443
0.0013799999999999368
0.0013300000000000534
0.0013779999999999903
0.0011839999999999629
0.001959000000000044
0.001786999999999983
0.001407000000000047
0.0014819999999999833
0.0013800000000000479
0.0014420000000000543
0.0012849999999999806
0.0021320000000000228
0.0018340000000000023
0.0014600000000000168
0.0012050000000000116
0.0017759999999999998
0.0012680000000000469
0.0013179999999999303
0.0012770000000000836
0.0012550000000000061
0.0016580000000000483
0.0013940000000000063
0.0017970000000000486
0.0012510000000000021
0.0012850000000000916
0.001354999999999995
0.0011579999999999924
0.0012520000000000309
0.0018519999999999648
0.001414999999999944
0.001375000000000015
0.0011579999999999924
0.0012870000000000381
0.0012300000000000644
0.0012389999999999901
0.0013880000000000559
0.001863000000000059
0.00121899999999997
0.0015129999999999866
0.0011329999999999396
0.0011639999999999429
0.0015450000000000186
0.0016410000000000036
0.0014640000000000208
0.0012030000000000651
0.0013919999999999488
0.0012590000000000101
0.0017209999999999726
0.0011320000000000219
0.0011039999999999939
0.001403000000000043
0.0012840000000000629
0.0013809999999999656
0.0011999999999999789
0.0011590000000000211
0.00151100000000004
0.001318999999999959
0.0016599999999999948
0.0013720000000000399
0.0011299999999999644
0.0016499999999999293
0.0012830000000000341
0.001358999999999999
0.0012459999999999694
0.0013720000000000399
0.0014060000000000183
0.0012410000000000476
0.0016100000000000003
0.0015180000000000193
0.0013879999999999448
0.0016660000000000563
0.0014020000000000143
0.0018960000000000088
0.001742999999999939
0.001690999999999998
0.0014170000000000016
0.0020940000000000403
0.00151100000000004
0.0022929999999999895
0.0016199999999999548
0.001774999999999971
0.0028610000000000024
0.0016969999999999485
0.0017810000000000326
0.0019369999999999665
0.001391000000000031
0.002078999999999942
0.0014119999999999688
0.001607000000000025
0.0013490000000000446
0.002311000000000063
0.0013039999999999718
0.0016129999999999756
0.0015929999999999556
0.0018810000000000215
0.0014969999999999706
0.001318999999999959
0.0019739999999999203
0.0016019999999999923
0.0016300000000000203
0.0014180000000000303
0.0024619999999999642
0.0015120000000000688
0.0019700000000000273
0.0014840000000000408
0.001678999999999986
0.0016140000000000043
0.0015849999999999476
0.0013880000000000559
0.0026920000000000277
0.0016810000000000436
0.0012900000000000134
0.0019649999999999945
0.0019180000000000863
0.0016859999999999653
0.001538999999999957
0.0019279999999999298
0.002893999999999952
0.0017649999999999055
0.0021609999999999685
0.0017359999999999598
0.0016979999999999773
0.001487000000000016
0.0027330000000000965
0.0017260000000000053
0.0019519999999999538
0.0017250000000000876
0.0017300000000000093
0.0014720000000000288
0.0018810000000000215
0.0019379999999999953
0.001871000000000067
0.0015740000000000753
0.0025840000000000307
0.0018079999999999208
0.0021079999999999988
0.0012619999999999854
0.0018839999999999968
0.0016939999999999733
0.0018540000000000223
0.0016010000000000746
0.001475000000000004
0.001790999999999987
0.001530999999999949
0.0014890000000000736
0.0028889999999999194
0.0015539999999999443
0.002130999999999994
0.0015840000000000298
0.0017820000000000613
0.0022559999999999247
0.0020540000000000003
0.0016559999999999908
0.0016960000000000308
0.0022999999999999687
0.0017920000000000158
0.0025210000000000002
0.0017739999999999995
0.007441
0.002381000000000001
0.001917000000000002
0.0019430000000000003
0.003020000000000002
0.0023040000000000005
0.0024180000000000035
0.002597000000000002
0.0024939999999999962
0.0025660000000000058
0.0019549999999999984
0.0016659999999999939
0.0016310000000000005
0.002033999999999994
0.0031009999999999927
0.0022859999999999964
0.0017780000000000018
0.0021650000000000003
0.0030829999999999885
0.0028559999999999974
0.003240999999999994
0.0014829999999999982
0.001894999999999994
0.0016469999999999957
0.0021619999999999973
0.0013770000000000032
0.0014289999999999997
0.0018149999999999972
0.0021170000000000078
0.0014389999999999958
0.002231999999999998
0.0015600000000000058
0.0019750000000000045
0.0013159999999999838
0.0016029999999999933
0.0017210000000000003
0.002020999999999995
0.0018910000000000038
0.0019849999999999868
0.002018999999999993
0.0018539999999999945
0.0013990000000000113
0.0014330000000000176
0.002037000000000011
0.0012329999999999841
0.0019669999999999965
0.0013340000000000019
0.0017810000000000048
0.0011859999999999926
0.0017660000000000176
0.0012639999999999874
0.001352999999999993
0.001785999999999982
0.0015330000000000066
0.0017880000000000118
0.0013709999999999833
0.002037000000000011
0.0013350000000000029
0.00278299999999998
0.0014540000000000108
0.0025570000000000037
0.0020519999999999983
0.0018869999999999998
0.0026710000000000067
0.001687999999999995
0.0020529999999999993
0.0013950000000000073
0.0014039999999999886
0.0018510000000000193
0.0013060000000000016
0.0021519999999999873
0.0013319999999999999
0.0019659999999999955
0.0012989999999999946
0.0015539999999999998
0.0015879999999999783
0.002026
0.0013779999999999903
0.0019180000000000308
0.0014270000000000116
0.001809000000000005
0.0012339999999999574
0.0016300000000000203
0.0015419999999999878
0.0018480000000000163
0.0014020000000000143
0.0013560000000000239
0.0016369999999999996
0.0015060000000000073
0.0022000000000000353
0.0013580000000000259
0.0017679999999999918
0.0022719999999999962
0.0012670000000000181
0.0012119999999999909
0.0015140000000000153
0.0012739999999999974
0.001558999999999977
0.0011970000000000036
0.0014319999999999888
0.0015260000000000273
0.0012809999999999766
0.0018799999999999928
0.0013070000000000026
0.0020569999999999755
0.0012510000000000021
0.0013599999999999723
0.0012539999999999774
0.0012949999999999906
0.0017069999999999586
0.001363000000000003
0.0015440000000000453
0.00171300000000002
0.0025189999999999935
0.0012499999999999734
0.0012539999999999774
0.0013299999999999979
0.0012530000000000041
0.0022609999999999575
0.0020240000000000258
0.0018340000000000023
0.0013219999999999898
0.0015460000000000473
0.0011579999999999924
0.0020649999999999835
0.0012689999999999646
0.002014999999999989
0.001489000000000018
0.0013849999999999696
0.001483000000000012
0.0013600000000000279
0.002249000000000001
0.0010780000000000234
0.0025740000000000207
0.0012960000000000194
0.0017449999999999966
0.0012240000000000029
0.0012060000000000404
0.001389000000000029
0.0011559999999999904
0.0016599999999999948
0.001371000000000011
0.0011209999999999831
0.002145000000000008
0.0014780000000000348
0.0016479999999999828
0.001377000000000017
0.0011559999999999904
0.0013480000000000159
0.0013519999999999643
0.0014680000000000248
0.0015000000000000013
0.0011499999999999844
0.0021290000000000475
0.0012870000000000381
0.001676999999999984
0.0013779999999999903
0.0014600000000000168
0.0015290000000000026
0.0011590000000000211
0.0019379999999999953
0.0012059999999999849
0.0026269999999999905
0.0012660000000000449
0.00187499999999996
0.001363000000000003
0.0012539999999999774
0.0019459999999999478
0.0013160000000000394
0.002043000000000017
0.0012969999999999926
0.0025379999999999847
0.0016970000000000596
0.0016729999999999245
0.001202999999999954
0.00119899999999995
0.0017079999999999318
0.0012099999999999334
0.0017620000000000413
0.0012020000000000364
0.0011919999999999709
0.0017199999999999438
0.0012030000000000651
0.0024180000000000312
0.0012510000000000021
0.0012620000000000964
0.0012680000000000469
0.0014449999999999186
0.0022850000000000925
0.001394999999999924
0.0018169999999999575
0.0012279999999998958
0.0012729999999999686
0.001831000000000027
0.001727000000000034
0.00172300000000003
0.0027559999999999807
0.0020730000000001025
0.00273000000000001
0.0015569999999999196
0.0015969999999999596
0.0020519999999999428
0.0014640000000000208
0.001538999999999957
0.0021489999999999565
0.0013729999999999576
0.0013219999999999343
0.0013779999999999903
0.0018090000000000606
0.0011999999999999789
0.001906999999999992
0.001971000000000056
0.0018970000000000375
0.0012640000000000429
0.0018009999999999415
0.001170999999999922
0.002383000000000024
0.00149100000000002
0.0019289999999999585
0.001727000000000034
0.002449999999999952
0.0011480000000000379
0.0012889999999999846
0.0013009999999999966
0.0012469999999999981
0.001578999999999997
0.0013279999999999959
0.0012419999999999654
0.001526999999999945
0.0011999999999999789
0.0016000000000000458
0.0016480000000000938
0.0014450000000000296
0.001402999999999932
0.0012950000000000461
0.0014079999999999648
0.0013660000000000894
0.002363000000000004
0.001419000000000059
0.0016740000000000643
0.0016010000000000746
0.001607000000000025
0.0012649999999999606
0.0012050000000000116
0.0015960000000000418
0.0013520000000000199
0.0013300000000000534
0.0016960000000000308
0.0011900000000000244
0.002051000000000025
0.001314999999999955
0.0015219999999999123
0.0012190000000000811
0.0015610000000000346
0.0015560000000000018
0.0011680000000000579
0.0014939999999999953
0.001294999999999935
0.0017130000000000756
0.0013190000000000701
0.0015650000000000386
0.0011970000000000036
0.0016659999999999453
0.0014359999999999928
0.0012330000000000396
0.0021120000000000028
0.0014420000000000543
0.001510999999999929
0.0016200000000000658
0.0017759999999999998
0.0015060000000000073
0.002134999999999998
0.0013009999999999966
0.0023859999999999992
0.0017490000000000006
0.002042999999999906
0.0015119999999999578
0.0018659999999999233
0.0014799999999999258
0.001675000000000093
0.0022660000000001013
0.002561999999999953
0.0015049999999999786
0.00265100000000007
0.0020759999999999668
0.0013929999999999776
0.0018759999999999888
0.0014979999999999993
0.0015290000000000026
0.0021619999999999973
0.001790999999999987
0.002018999999999993
0.001702999999999899
0.003294999999999937
0.0023900000000000032
0.0020529999999999715
0.0016089999999999716
0.0015640000000000098
0.002014999999999989
0.0032449999999999424
0.001954999999999929
0.002622999999999931
0.0016599999999999948
0.0017359999999999598
0.0023009999999999975
0.0014199999999999768
0.0014529999999999266
0.0024119999999999697
0.0021860000000000213
0.002551000000000081
0.002134999999999998
0.0012000000000000899
0.0018100000000000893
0.0015729999999999356
0.0020380000000000953
0.0013459999999999583
0.0018039999999999168
0.00170300000000001
0.002275000000000027
0.0015129999999999866
0.001562999999999981
0.0016120000000000578
0.0028289999999999704
0.0021520000000000428
0.001886999999999972
0.001475000000000004
0.0014659999999999673
0.001499000000000028
0.0016639999999999988
0.0018249999999999655
0.001858999999999944
0.0013929999999999776
0.0020499999999999963
0.0014330000000000176
0.001859000000000055
0.0016160000000000618
0.0019539999999999003
0.0013130000000000086
0.0021079999999999988
0.001522999999999941
0.0012320000000000109
0.0020729999999999915
0.0017399999999999638
0.0019780000000000353
0.001542999999999961
0.0018019999999999703
0.0022579999999999822
0.0017449999999999966
0.0012830000000000341
0.0020780000000000243
-0.998487
0.001817
0.001386
0.0014209999999999995
0.002043999999999999
0.0015550000000000008
0.0016609999999999993
0.0014949999999999998
0.002447999999999999
0.0019850000000000007
0.0013129999999999982
0.0018849999999999978
0.0014240000000000017
0.0022889999999999994
0.0014859999999999943
0.0018820000000000017
0.0018789999999999987
0.0019530000000000033
0.0013169999999999987
0.0014229999999999937
0.0020910000000000026
0.001364000000000004
0.0018599999999999936
0.0013959999999999945
0.0022830000000000072
0.0016770000000000118
0.001803000000000013
0.001352999999999993
0.0013229999999999908
0.0016530000000000017
0.0013199999999999878
0.001573000000000005
0.0011940000000000006
0.0020540000000000003
0.0014139999999999986
0.0025180000000000063
0.0014090000000000075
0.0017560000000000076
0.0015519999999999978
0.001687999999999995
0.0013939999999999925
0.001809000000000005
0.0019549999999999984
0.0012549999999999922
0.0013729999999999992
0.0015019999999999895
0.0014320000000000027
0.0019199999999999773
0.0015019999999999756
0.0020800000000000263
0.001687999999999995
0.0022280000000000078
0.0014260000000000106
0.0022770000000000012
0.0016560000000000186
0.0019510000000000083
0.001369000000000009
0.0014369999999999938
0.0017649999999999888
0.0011990000000000056
0.0012900000000000134
0.0011690000000000034
0.0018000000000000238
0.0012010000000000076
0.0012449999999999961
0.0033050000000000024
0.001447999999999977
0.0015219999999999956
0.0012220000000000009
0.0017699999999999938
0.0012869999999999826
0.0015129999999999866
0.001443999999999973
0.0012660000000000171
0.001797999999999994
0.0013309999999999989
0.001802999999999999
0.0021960000000000035
0.002593000000000012
0.001486000000000015
0.0015380000000000116
0.0015470000000000206
0.0025240000000000262
0.0012879999999999836
0.001562999999999981
0.0013199999999999878
0.0015419999999999878
0.0012770000000000004
0.0012350000000000139
0.002729000000000009
0.0015939999999999843
0.0015219999999999956
0.0012030000000000096
0.0017209999999999726
0.001354999999999995
0.0019640000000000213
0.0011530000000000151
0.0017839999999999523
0.0012600000000000389
0.00304500000000002
0.001898999999999984
0.002361000000000002
0.0021880000000000233
0.002249000000000001
0.0024819999999999842
0.0023130000000000095
0.0023259999999999947
0.0015620000000000078
0.002035000000000009
0.001375000000000015
0.0017800000000000038
0.0016500000000000403
0.0019200000000000328
0.0025490000000000235
0.0020369999999999555
0.0015860000000000318
0.0028850000000000264
0.00281300000000001
0.001829000000000025
0.001369000000000009
0.0019639999999999658
0.0015860000000000318
0.0014560000000000128
0.0020580000000000043
0.0016560000000000463
0.0018389999999999795
0.0012650000000000161
0.0014040000000000163
0.0012119999999999909
0.0014339999999999908
0.0014219999999999788
0.0010930000000000106
0.0014100000000000223
0.0011690000000000311
0.0011849999999999916
0.0016490000000000116
0.001503000000000032
0.0012030000000000096
0.0012980000000000214
0.0011120000000000019
0.00145099999999998
0.0014399999999999968
0.0012490000000000001
0.0013880000000000003
0.0013900000000000023
0.0012499999999999734
0.0012220000000000009
0.0011450000000000071
0.0016499999999999848
0.0015049999999999786
0.0017559999999999798
0.0017960000000000198
0.0015000000000000013
0.0012710000000000221
0.0012610000000000121
0.002102999999999966
0.0014089999999999936
0.0016899999999999693
0.0011519999999999864
0.0014239999999999808
0.001332999999999973
0.0010820000000000274
0.001454999999999984
0.0014470000000000316
0.0012079999999999869
0.001485000000000014
0.0011840000000000184
0.0016180000000000083
0.0012409999999999921
0.0018640000000000323
0.0012010000000000076
0.0013510000000000466
0.0011329999999999951
0.0010850000000000026
0.001432999999999962
0.0014570000000000416
0.0011909999999999976
0.0014299999999999868
0.0011390000000000011
0.0012969999999999926
0.0014440000000000008
0.0012019999999999809
0.001334999999999975
0.0012670000000000181
0.0010850000000000026
0.0013799999999999923
0.0013620000000000299
0.0012800000000000034
0.0014119999999999688
0.0012169999999999126
0.0013159999999999838
0.0011210000000000386
0.0010149999999999881
0.0012969999999999926
0.0011179999999999524
0.001210999999999962
0.00121899999999997
0.0013519999999999088
0.0015140000000000153
0.0013890000000000846
0.0012389999999999901
0.0014579999999999593
0.0013360000000000039
